        weight_2018  vatax_2018 CONS_total_2018  weight_2019  vatax_2019 CONS_total_2019  weight_2020  vatax_2020 CONS_total_2020  weight_2021  vatax_2021 CONS_total_2021  weight_2022  vatax_2022 CONS_total_2022 weight_ref_2022 vatax_ref_2022 CONS_total_ref_2022 weight_ref_2023 vatax_ref_2023 CONS_total_ref_2023 weight_ref_2024 vatax_ref_2024 CONS_total_ref_2024 weight_ref_2025 vatax_ref_2025 CONS_total_ref_2025 weight_ref_2026 vatax_ref_2026 CONS_total_ref_2026 weight_ref_2027 vatax_ref_2027 CONS_total_ref_2027
0-10n           -99           0               0          -99           0               0          -99           0               0          -99           0               0          -99           0               0             -99              0                   0             -99              0                   0             -99              0                   0             -99              0                   0             -99              0                   0             -99              0                   0
0-10z           -99           0               0          -99           0               0          -99           0               0          -99           0               0          -99           0               0             -99              0                   0             -99              0                   0             -99              0                   0             -99              0                   0             -99              0                   0             -99              0                   0
0-10p    21,651,954     502,989       8,666,918   21,651,954     497,371       8,570,124   21,651,954     420,682       7,248,712   21,651,954     516,584       8,901,176   21,651,954     643,922      11,095,326      21,651,954        643,922          11,095,326      21,651,954        715,303          12,325,278      21,651,954        775,347          13,359,883      21,651,954        840,431          14,481,334      21,651,954        910,978          15,696,922      21,651,954        987,447          17,014,548
10-20    21,662,785     856,726      14,346,110   21,662,785     847,158      14,185,889   21,662,785     716,536      11,998,593   21,662,785     879,883      14,733,871   21,662,785   1,096,775      18,365,786      21,662,785      1,096,775          18,365,786      21,662,785      1,218,356          20,401,692      21,662,785      1,320,627          22,114,245      21,662,785      1,431,482          23,970,552      21,662,785      1,551,643          25,982,681      21,662,785      1,681,891          28,163,711
20-30    21,662,785   1,122,928      18,474,053   21,662,785   1,110,387      18,267,730   21,662,785     939,179      15,451,063   21,662,785   1,153,280      18,973,388   21,662,785   1,437,565      23,650,349      21,662,785      1,437,565          23,650,349      21,662,785      1,596,923          26,272,066      21,662,785      1,730,972          28,477,387      21,662,785      1,876,272          30,867,828      21,662,785      2,033,770          33,458,926      21,662,785      2,204,488          36,267,525
30-40    21,662,785   1,384,419      22,327,988   21,662,785   1,368,957      22,078,624   21,662,785   1,157,880      18,674,362   21,662,785   1,421,838      22,931,492   21,662,785   1,772,323      28,584,130      21,662,785      1,772,323          28,584,130      21,662,785      1,968,791          31,752,771      21,662,785      2,134,055          34,418,153      21,662,785      2,313,191          37,307,271      21,662,785      2,507,364          40,438,907      21,662,785      2,717,836          43,833,418
40-50    21,662,785   1,663,760      26,473,166   21,662,785   1,645,179      26,177,508   21,662,785   1,391,512      22,141,246   21,662,785   1,708,730      27,188,709   21,662,785   2,129,934      33,890,757      21,662,785      2,129,934          33,890,757      21,662,785      2,366,044          37,647,654      21,662,785      2,564,654          40,807,862      21,662,785      2,779,935          44,233,344      21,662,785      3,013,288          47,946,366      21,662,785      3,266,228          51,971,065
50-60    21,662,785   1,998,466      31,410,462   21,662,785   1,976,146      31,059,663   21,662,785   1,671,448      26,270,631   21,662,785   2,052,482      32,259,456   21,662,785   2,558,421      40,211,448      21,662,785      2,558,421          40,211,448      21,662,785      2,842,031          44,669,014      21,662,785      3,080,595          48,418,607      21,662,785      3,339,186          52,482,948      21,662,785      3,619,483          56,888,456      21,662,785      3,923,308          61,663,769
60-70    21,662,785   2,440,502      37,715,422   21,662,785   2,413,246      37,294,208   21,662,785   2,041,152      31,543,882   21,662,785   2,506,466      38,734,832   21,662,785   3,124,313      48,283,012      21,662,785      3,124,313          48,283,012      21,662,785      3,470,653          53,635,337      21,662,785      3,761,985          58,137,578      21,662,785      4,077,772          63,017,745      21,662,785      4,420,068          68,307,562      21,662,785      4,791,096          74,041,415
70-80    21,662,785   3,003,090      45,834,805   21,662,785   2,969,551      45,322,911   21,662,785   2,511,681      38,334,655   21,662,785   3,084,261      47,073,674   21,662,785   3,844,534      58,677,387      21,662,785      3,844,534          58,677,387      21,662,785      4,270,713          65,181,962      21,662,785      4,629,204          70,653,446      21,662,785      5,017,787          76,584,217      21,662,785      5,438,989          83,012,826      21,662,785      5,895,547          89,981,064
80-90    21,662,785   3,908,525      59,443,056   21,662,785   3,864,874      58,779,183   21,662,785   3,268,956      49,716,129   21,662,785   4,014,169      61,049,744   21,662,785   5,003,666      76,098,574      21,662,785      5,003,666          76,098,574      21,662,785      5,558,338          84,534,342      21,662,785      6,024,914          91,630,298      21,662,785      6,530,656          99,321,901      21,662,785      7,078,850         107,659,150      21,662,785      7,673,061         116,696,243
90-100   21,673,616   7,925,654     115,663,245   21,673,616   7,837,139     114,371,493   21,673,616   6,628,745      96,736,762   21,673,616   8,139,877     118,789,509   21,673,616  10,146,365     148,071,256      21,673,616     10,146,365         148,071,256      21,673,616     11,271,122         164,485,423      21,673,616     12,217,239         178,292,609      21,673,616     13,242,775         193,258,794      21,673,616     14,354,396         209,481,266      21,673,616     15,559,329         227,065,480
ALL     216,627,849   2,481,077      38,040,872  216,627,849   2,453,368      37,616,023  216,627,849   2,075,088      31,816,078  216,627,849   2,548,138      39,069,079  216,627,849   3,176,257      48,699,651     216,627,849      3,176,257          48,699,651     216,627,849      3,528,355          54,098,162     216,627,849      3,824,531          58,639,254     216,627,849      4,145,569          63,561,532     216,627,849      4,493,555          68,896,995     216,627,849      4,870,752          74,680,326
90-95    10,831,392   5,342,724      80,761,050   10,831,392   5,283,055      79,859,093   10,831,392   4,468,471      67,545,766   10,831,392   5,487,133      82,943,942   10,831,392   6,839,717     103,389,716      10,831,392      6,839,717         103,389,716      10,831,392      7,597,921         114,850,794      10,831,392      8,235,704         124,491,565      10,831,392      8,927,023         134,941,599      10,831,392      9,676,372         146,268,826      10,831,392     10,488,623         158,546,880
95-99     8,665,114   7,998,039     121,184,585    8,665,114   7,908,715     119,831,169    8,665,114   6,689,285     101,354,621    8,665,114   8,214,218     124,460,085    8,665,114  10,239,032     155,139,635       8,665,114     10,239,032         155,139,635       8,665,114     11,374,061         172,337,355       8,665,114     12,328,819         186,803,646       8,665,114     13,363,721         202,484,262       8,665,114     14,485,495         219,481,135       8,665,114     15,701,432         237,904,755
Top 1%    2,177,110  20,487,953     267,330,523    2,177,110  20,259,139     264,344,917    2,177,110  17,135,419     223,586,060    2,177,110  21,041,722     274,556,204    2,177,110  26,228,530     342,234,615       2,177,110     26,228,530         342,234,615       2,177,110     29,136,046         380,172,406       2,177,110     31,581,775         412,084,724       2,177,110     34,232,803         446,675,817       2,177,110     37,106,362         484,170,544       2,177,110     40,221,134         524,812,643

