              weight_2018   vatax_2018 CONS_total_2018      weight_2019   vatax_2019 CONS_total_2019      weight_2020   vatax_2020 CONS_total_2020      weight_2021   vatax_2021 CONS_total_2021      weight_2022   vatax_2022 CONS_total_2022  weight_ref_2022 vatax_ref_2022 CONS_total_ref_2022  weight_ref_2023 vatax_ref_2023 CONS_total_ref_2023  weight_ref_2024 vatax_ref_2024 CONS_total_ref_2024  weight_ref_2025 vatax_ref_2025 CONS_total_ref_2025  weight_ref_2026 vatax_ref_2026 CONS_total_ref_2026  weight_ref_2027 vatax_ref_2027 CONS_total_ref_2027
<0                    0.0            0               0              0.0            0               0              0.0            0               0              0.0            0               0              0.0            0               0              0.0              0                   0              0.0              0                   0              0.0              0                   0              0.0              0                   0              0.0              0                   0              0.0              0                   0
=0                    0.0            0               0              0.0            0               0              0.0            0               0              0.0            0               0              0.0            0               0              0.0              0                   0              0.0              0                   0              0.0              0                   0              0.0              0                   0              0.0              0                   0              0.0              0                   0
0-12 m    21576133.762208   10,842,149     186,744,945   22204354.52436   11,149,413     192,159,449   32223392.54145   16,031,971     273,835,228  20276366.668099   10,207,792     175,975,202  11427119.035707    5,837,839      99,883,319  11427119.035707      5,837,839          99,883,319   8816753.455039      4,553,386          77,859,274   7029573.700639      3,622,041          62,026,429   5773132.176334      3,035,458          51,518,853   4722487.108596      2,510,042          42,737,690   3736830.395563      2,026,421          34,065,382
12-25m    68551882.821794   78,277,742   1,281,499,858  69277586.116004   79,081,171   1,293,353,864  81202949.204454   92,199,986   1,487,432,574  66634726.357983   76,240,893   1,250,471,254  48437987.040458   55,058,996     919,724,144  48437987.040458     55,058,996         919,724,144  40444419.411689     46,042,059         775,033,788  34887915.084373     39,695,808         671,113,764  29710509.492839     33,705,271         575,293,020  24771394.535225     28,097,459         480,655,487  20937081.607604     23,636,914         407,713,000
25-35m    42079959.671776   78,960,019   1,245,705,041  42166610.811383   79,196,920   1,248,278,482  39751210.294831   75,812,105   1,180,771,379  42188273.596285   78,995,191   1,250,626,671  41830837.645405   77,263,094   1,247,233,601  41830837.645405     77,263,094       1,247,233,601  39068832.570423     72,162,558       1,171,675,755  36133525.216227     66,458,793       1,086,565,320  32450851.782919     59,225,188         976,855,144  29309747.972156     53,231,327         881,737,941  25854533.780316     46,859,332         779,640,269
35-50m    39101326.747776  106,354,114   1,631,940,434  38592251.302583  104,810,107   1,609,888,832  32288380.896155   88,078,224   1,339,643,416  39567076.623165  107,463,863   1,652,408,766  43228087.271572  116,012,484   1,809,392,514  43228087.271572    116,012,484       1,809,392,514  44354552.086466    117,850,411       1,858,735,530   45112749.55803    119,336,299       1,893,945,569  45600162.218321    120,628,621       1,920,371,908  44137924.237448    115,667,529       1,863,814,165  41982477.139718    109,749,696       1,779,074,708
50-65m    19355698.309772   72,152,494   1,097,451,726  19074082.106048   71,162,709   1,080,850,289  13571734.740987   50,322,126     767,713,094  20384680.592608   76,062,560   1,154,606,729  27739196.066774  102,760,194   1,574,722,174  27739196.066774    102,760,194       1,574,722,174   29840486.20225    110,400,390       1,699,669,920   30793648.73793    113,463,280       1,759,214,897  30934456.839792    113,146,782       1,766,527,564   32342537.85841    117,806,320       1,843,836,715  33079072.545072    119,285,045       1,885,137,804
65-75m     6693800.534661   30,498,429     465,875,771   6607149.395054   30,368,515     460,686,187   5524010.149963   25,678,693     384,114,407   7137887.625148   32,484,924     495,874,655  11448781.820609   52,858,608     800,316,574  11448781.820609     52,858,608         800,316,574  13170973.220304     60,295,678         917,524,217  14644042.593627     66,706,008       1,020,429,535  16344571.208419     73,979,372       1,139,502,748  16734501.336652     75,513,840       1,170,720,253  16734501.336652     75,525,654       1,168,149,428
75-100m    9932386.877482   56,010,732     845,097,895   9596613.711504   54,072,895     816,280,099   6293039.013977   35,264,121     540,488,691   10506450.67738   59,374,937     896,528,050  15196443.608623   85,600,951   1,304,663,083  15196443.608623     85,600,951       1,304,663,083  18911611.219285    106,303,935       1,618,888,640   21955232.49799    124,230,311       1,886,665,810  24684743.395618    140,117,924       2,127,039,448  27381760.115894    155,392,847       2,357,688,198  30566189.496461    171,806,245       2,634,606,315
100-150m   5805626.353686   45,229,421     686,105,088   5708143.821628   44,336,338     675,229,860   3725999.003112   30,236,961     450,751,940   6217219.266821   48,331,067     737,058,186  11156334.224435   87,784,552   1,329,171,396  11156334.224435     87,784,552       1,329,171,396  13799193.982456    109,135,468       1,648,628,621  16127943.359401    128,003,595       1,939,422,871  19106576.283401    152,065,396       2,304,344,162  22431813.765829    177,466,770       2,698,998,063   25421278.08228    201,050,057       3,053,989,873
>150m      3531033.938996   59,145,284     800,291,557   3401057.229585   57,289,728     771,951,172   2047133.173222   35,897,566     467,497,770   3715167.610661   62,836,451     849,901,139   6163062.304566  104,889,006   1,464,593,897   6163062.304566    104,889,006       1,464,593,897   8221026.870239    137,596,103       1,951,152,689   9943218.269933    166,983,853       2,383,511,171  12022845.620507    202,141,672       2,907,745,163   14795682.08794    247,743,033       3,584,819,402  18315884.634485    305,201,105       4,435,461,687
ALL       216627849.01815  537,470,384   8,240,712,315  216627849.01815  531,467,797   8,148,678,235  216627849.01815  449,521,753   6,892,248,499  216627849.01815  551,997,679   8,463,450,653  216627849.01815  688,065,724  10,549,700,700  216627849.01815    688,065,724      10,549,700,700  216627849.01815    764,339,988      11,719,168,434  216627849.01815    828,499,987      12,702,895,367  216627849.01815    898,045,685      13,769,198,011  216627849.01815    973,429,168      14,925,007,914  216627849.01815  1,055,140,468      16,177,838,466

